5.402667
5.648438
6.053333
6.458250
6.863146
7.268042
7.672958
8.077854
8.331250
8.740417
9.149583
9.558750
10.377084
10.786250
11.221958
11.629437
12.036917
13.695750
14.102750
14.509750
14.916750
15.323730
15.730729
16.137730
16.582687
16.989500
17.396334
17.803146
18.209959
18.616772
19.023582
19.472229
19.878771
20.285313
20.691854
21.098375
21.504917
21.957354
22.363916
22.770479
23.177021
23.583584
23.990147
24.396687
24.849001
25.255522
25.662062
26.068583
26.475103
26.881645
27.288166
27.751667
28.158312
28.564938
28.971582
29.378229
29.784876
30.234501
30.641209
31.047916
31.454624
31.861334
32.268021
32.674728
33.124874
33.531502
33.938126
34.344749
34.751373
35.158001
35.610668
36.017353
36.424042
36.830730
37.237396
37.644085
38.050770
38.506855
38.913250
39.319645
39.726040
40.538834
42.818001
46.128166
46.594166
47.001041
47.407917
47.814793
48.221668
48.628563
49.035439
49.287582
49.694668
50.101749
50.508812
50.915897
51.322979
51.730064
52.171623
52.578293
52.984959
53.391605
53.798271
54.204918
54.650082
55.056644
55.463230
55.869793
56.276375
56.682938
57.089520
57.542667
57.949207
58.355751
58.762314
59.168854
59.575397
59.981956
60.424145
60.830605
61.237064
61.643543
62.049999
62.456459
62.891960
63.298729
63.705479
64.112228
64.518982
64.925728
65.332481
65.781830
66.188499
66.595184
67.001877
67.408562
67.815231
68.221916
68.723434
69.130394
69.537354
69.944313
70.351273
70.758232
71.196396
71.603127
72.009857
72.416565
72.823288
73.230019
73.636749
74.082520
74.488960
74.895416
75.301857
75.708290
76.114754
76.571770
76.978416
77.385063
77.791733
78.198372
78.605019
79.011688
79.475899
79.882561
80.289207
80.695854
81.102524
81.509163
81.957268
82.363937
82.770622
83.177315
83.584000
83.990685
84.397354
84.846809
85.253250
85.659706
86.066147
86.472603
86.879044
87.285477
87.743896
88.150398
88.556877
88.963356
89.369835
89.776314
90.237289
90.643791
91.050293
91.456772
91.863274
92.269753
92.676247
93.533417
95.159981
95.958748
99.081810
99.488647
99.895477
100.302292
100.709122
101.210876
101.618378
102.025871
102.433372
102.840874
103.248375
103.655876
103.910522
104.317001
104.723457
105.129936
105.536415
105.942879
106.349358
106.784126
107.190544
107.596939
108.003357
108.409767
108.816170
109.271957
109.678413
110.084877
110.491333
110.897789
111.304230
111.710686
112.167458
112.573830
112.980209
113.386604
113.792976
114.199356
114.605728
115.066643
115.473122
115.879585
116.286064
116.692543
117.098999
117.539436
117.945793
118.352165
118.758522
119.164871
119.571228
119.977585
120.438812
120.845123
121.251434
121.657753
122.064064
122.470375
122.914268
123.320564
123.726852
124.133125
124.539413
124.945709
125.351982
125.798309
126.204521
126.610725
127.016937
127.423149
127.829353
128.235565
128.709641
129.116043
129.522430
129.928818
130.335205
130.741608
131.195892
131.602127
132.008347
132.414581
132.820816
133.227036
133.633270
134.093109
134.499557
134.906021
135.312485
135.718918
136.125381
136.578400
136.984726
137.391083
137.797409
138.203751
138.610107
139.016434
139.456436
139.862701
140.268997
140.675293
141.081589
141.487869
141.894165
142.770081
143.176773
143.583481
143.990189
144.396896
144.847275
145.253922
145.660568
146.067215
146.473862
146.880524
147.287170
147.749588
148.156494
148.563416
148.970337
149.377243
149.784164
150.234955
150.641876
151.048798
151.455704
151.862625
152.269547
152.676453
153.132812
153.539673
153.946503
154.353333
154.760193
155.167023
155.573868
156.033432
156.440201
156.846954
157.253723
157.660507
158.067276
158.517685
158.923981
159.330292
159.736603
160.142914
160.549225
160.955536
161.409790
161.816025
162.222229
162.628433
163.034653
163.440857
163.901184
164.307388
164.713577
165.119797
165.525986
165.932190
166.338379
167.589722
167.995941
168.402145
169.214569
169.671799
170.078278
170.484772
170.891251
171.704224
172.570465
172.977066
173.383667
173.790253
174.196854
174.603455
175.054749
175.461441
175.868118
176.274811
176.681503
177.088181
177.539413
177.946213
178.353027
178.759811
